HMMER3/f [3.1b2 | February 2015]
NAME  PsbH
ACC   PF00737.20
DESC  Photosystem II 10 kDa phosphoprotein
LENG  52
ALPH  amino
RF    no
MM    no
CONS  yes
CS    no
MAP   yes
DATE  Wed Aug  1 19:13:26 2018
NSEQ  13
EFFN  1.621826
CKSUM 4169193668
GA    23.70 23.70;
TC    24.40 24.00;
NC    23.10 23.60;
BM    hmmbuild HMM.ann SEED.ann
SM    hmmsearch -Z 45638612 -E 1000 --cpu 4 HMM pfamseq
STATS LOCAL MSV       -8.0004  0.71911
STATS LOCAL VITERBI   -8.6336  0.71911
STATS LOCAL FORWARD   -4.4468  0.71911
HMM          A        C        D        E        F        G        H        I        K        L        M        N        P        Q        R        S        T        V        W        Y   
            m->m     m->i     m->d     i->m     i->i     d->m     d->d
  COMPO   2.68360  4.69309  3.71298  3.20171  3.29130  2.49563  4.36568  2.49000  3.05825  1.99138  3.36059  3.08992  3.05772  3.49200  3.40466  2.85603  2.67330  2.38062  3.84664  3.59552
          2.68618  4.42225  2.77519  2.73123  3.46354  2.40513  3.72494  3.29354  2.67741  2.69355  4.24690  2.90347  2.73739  3.18146  2.89801  2.37887  2.77519  2.98518  4.58477  3.61503
          0.05902  4.48167  3.07910  0.61958  0.77255  0.00000        *
      1   3.01315  5.32074  3.33707  2.72042  4.73793  3.70861  3.74036  4.13198  1.92457  3.57779  4.38653  3.19619  4.08095  1.92884  1.52678  2.46352  3.20619  3.76040  5.65055  4.38952      1 r - - -
          2.68618  4.42225  2.77519  2.73123  3.46354  2.40513  3.72494  3.29354  2.67741  2.69355  4.24690  2.90347  2.73739  3.18146  2.89801  2.37887  2.77519  2.98518  4.58477  3.61503
          0.01767  4.44032  5.16267  0.61958  0.77255  0.44671  1.02091
      2   2.88652  4.71953  4.13432  3.96874  4.67417  3.52639  4.91730  3.89221  3.92659  3.72890  4.76693  4.03400  4.28993  4.29374  4.12283  3.09803  0.45334  3.50687  6.04204  4.90215      2 T - - -
          2.68618  4.42225  2.77519  2.73123  3.46354  2.40513  3.72494  3.29354  2.67741  2.69355  4.24690  2.90347  2.73739  3.18146  2.89801  2.37887  2.77519  2.98518  4.58477  3.61503
          0.01695  4.48167  5.20402  0.61958  0.77255  0.48576  0.95510
      3   2.26513  4.57065  3.40300  2.83354  3.73870  3.62756  3.85323  3.11083  2.57268  2.79625  3.67002  3.28374  3.42334  3.10747  2.23702  2.86287  2.94071  2.30323  2.77258  3.87192      3 r - - -
          2.68618  4.42225  2.77519  2.73123  3.46354  2.40513  3.72494  3.29354  2.67741  2.69355  4.24690  2.90347  2.73739  3.18146  2.89801  2.37887  2.77519  2.98518  4.58477  3.61503
          0.01695  4.48167  5.20402  0.61958  0.77255  0.48576  0.95510
      4   3.14621  4.51382  4.84502  4.26570  3.17281  4.32112  4.56093  2.47800  4.08076  1.00618  3.17124  4.38573  4.61530  4.22031  4.16130  3.64565  3.37483  1.79055  3.07358  3.72809      4 l - - -
          2.68618  4.42225  2.77519  2.73123  3.46354  2.40513  3.72494  3.29354  2.67741  2.69355  4.24690  2.90347  2.73739  3.18146  2.89801  2.37887  2.77519  2.98518  4.58477  3.61503
          0.01695  4.48167  5.20402  0.61958  0.77255  0.48576  0.95510
      5   3.59111  5.26348  4.38258  4.37373  5.42507  0.20302  5.41036  5.21698  4.63299  4.77172  5.78143  4.55007  4.66646  4.90992  4.76129  3.78610  4.11582  4.62750  6.31698  5.56137      5 G - - -
          2.68618  4.42225  2.77519  2.73123  3.46354  2.40513  3.72494  3.29354  2.67741  2.69355  4.24690  2.90347  2.73739  3.18146  2.89801  2.37887  2.77519  2.98518  4.58477  3.61503
          0.01695  4.48167  5.20402  0.61958  0.77255  0.48576  0.95510
      6   2.99199  5.52894  1.60011  2.17747  4.84451  3.47076  3.88026  4.34404  2.77512  3.83399  4.62799  1.82869  4.00943  3.01693  3.32365  2.91271  2.18115  3.91267  5.98766  4.52541      6 d - - -
          2.68618  4.42225  2.77519  2.73123  3.46354  2.40513  3.72494  3.29354  2.67741  2.69355  4.24690  2.90347  2.73739  3.18146  2.89801  2.37887  2.77519  2.98518  4.58477  3.61503
          0.01695  4.48167  5.20402  0.61958  0.77255  0.48576  0.95510
      7   2.51036  4.22476  4.07047  3.48987  3.33660  3.80128  4.10745  2.30369  3.37498  1.57065  3.33134  3.74170  4.17449  3.62408  3.07574  2.62288  2.95144  2.01011  4.85128  3.65472      7 l - - -
          2.68618  4.42225  2.77519  2.73123  3.46354  2.40513  3.72494  3.29354  2.67741  2.69355  4.24690  2.90347  2.73739  3.18146  2.89801  2.37887  2.77519  2.98518  4.58477  3.61503
          0.01695  4.48167  5.20402  0.61958  0.77255  0.48576  0.95510
      8   3.78895  5.03322  5.51868  4.98938  3.31346  5.12187  5.44470  1.94973  4.80646  0.57322  3.08655  5.22803  5.21341  4.82824  4.84411  4.53641  4.01022  2.49138  5.52857  4.49014      8 L - - -
          2.68618  4.42225  2.77519  2.73123  3.46354  2.40513  3.72494  3.29354  2.67741  2.69355  4.24690  2.90347  2.73739  3.18146  2.89801  2.37887  2.77519  2.98518  4.58477  3.61503
          0.01695  4.48167  5.20402  0.61958  0.77255  0.48576  0.95510
      9   3.50464  5.57832  4.04960  3.21890  5.16201  4.05054  3.85702  4.44592  0.88670  3.79290  4.67855  3.56241  4.38086  2.98297  1.46500  3.47800  3.62174  4.13140  5.75127  4.66190      9 k - - -
          2.68618  4.42225  2.77519  2.73123  3.46354  2.40513  3.72494  3.29354  2.67741  2.69355  4.24690  2.90347  2.73739  3.18146  2.89801  2.37887  2.77519  2.98518  4.58477  3.61503
          0.01695  4.48167  5.20402  0.61958  0.77255  0.48576  0.95510
     10   2.04860  4.48038  3.67636  3.36977  4.70159  2.37575  4.48870  4.14883  3.46089  3.79748  4.59400  3.55342  1.13575  3.73193  3.80703  2.10987  2.99171  3.54451  6.01050  4.79135     10 p - - -
          2.68618  4.42225  2.77519  2.73123  3.46354  2.40513  3.72494  3.29354  2.67741  2.69355  4.24690  2.90347  2.73739  3.18146  2.89801  2.37887  2.77519  2.98518  4.58477  3.61503
          0.01695  4.48167  5.20402  0.61958  0.77255  0.48576  0.95510
     11   2.76344  4.38030  3.81128  3.27010  3.46898  3.77038  4.07792  2.39327  3.17645  1.34289  3.44676  2.85492  3.12214  3.48138  3.46532  3.05436  3.00588  2.56462  4.98884  3.76877     11 l - - -
          2.68623  4.42230  2.77525  2.73128  3.46359  2.40499  3.72500  3.29359  2.67746  2.69360  4.24695  2.90317  2.73716  3.18152  2.89806  2.37892  2.77525  2.98524  4.58482  3.61508
          0.27154  1.45973  5.20402  0.17452  1.83173  0.48576  0.95510
     12   2.97029  5.06650  2.94227  2.87265  4.92684  2.42337  4.35447  4.52907  3.32480  4.10487  4.96037  0.74132  4.15411  3.57644  3.75446  3.03099  3.39600  3.98882  6.14644  4.81507     13 n - - -
          2.68618  4.42225  2.77519  2.73123  3.46354  2.40513  3.72494  3.29354  2.67741  2.69355  4.24690  2.90347  2.73739  3.18146  2.89801  2.37887  2.77519  2.98518  4.58477  3.61503
          0.01695  4.48167  5.20402  0.61958  0.77255  0.48576  0.95510
     13   2.20210  4.56990  3.48805  3.05748  3.96936  3.43967  4.10624  3.49656  3.05768  3.17861  4.05037  3.41255  4.02035  3.38515  3.42764  1.11765  3.00779  3.15684  5.38404  2.86682     14 s - - -
          2.68618  4.42225  2.77519  2.73123  3.46354  2.40513  3.72494  3.29354  2.67741  2.69355  4.24690  2.90347  2.73739  3.18146  2.89801  2.37887  2.77519  2.98518  4.58477  3.61503
          0.01695  4.48167  5.20402  0.61958  0.77255  0.48576  0.95510
     14   2.36537  5.27103  2.67333  1.01379  4.78777  2.67594  3.98471  4.24496  2.87925  3.79779  4.61508  3.04015  4.03419  3.14128  3.38408  2.91828  3.25022  3.81205  5.97656  4.56769     15 e - - -
          2.68618  4.42225  2.77519  2.73123  3.46354  2.40513  3.72494  3.29354  2.67741  2.69355  4.24690  2.90347  2.73739  3.18146  2.89801  2.37887  2.77519  2.98518  4.58477  3.61503
          0.01695  4.48167  5.20402  0.61958  0.77255  0.48576  0.95510
     15   2.21877  4.50872  3.45317  2.90207  3.63848  3.63975  3.88983  2.72250  2.85243  2.72912  3.61642  3.33499  3.11823  2.72546  3.22686  2.88625  2.94158  2.79477  5.06508  1.93751     16 y - - -
          2.68618  4.42225  2.77519  2.73123  3.46354  2.40513  3.72494  3.29354  2.67741  2.69355  4.24690  2.90347  2.73739  3.18146  2.89801  2.37887  2.77519  2.98518  4.58477  3.61503
          0.01695  4.48167  5.20402  0.61958  0.77255  0.48576  0.95510
     16   3.59111  5.26348  4.38258  4.37373  5.42507  0.20302  5.41036  5.21698  4.63299  4.77172  5.78143  4.55007  4.66646  4.90992  4.76129  3.78610  4.11582  4.62750  6.31698  5.56137     17 G - - -
          2.68618  4.42225  2.77519  2.73123  3.46354  2.40513  3.72494  3.29354  2.67741  2.69355  4.24690  2.90347  2.73739  3.18146  2.89801  2.37887  2.77519  2.98518  4.58477  3.61503
          0.01695  4.48167  5.20402  0.61958  0.77255  0.48576  0.95510
     17   3.48214  5.55260  3.95812  3.19808  5.11347  4.02361  3.87635  4.42196  0.71914  3.78740  4.67569  3.55262  4.37324  3.00638  1.88775  3.46109  3.61406  4.10610  5.75496  4.65235     18 k - - -
          2.68618  4.42225  2.77519  2.73123  3.46354  2.40513  3.72494  3.29354  2.67741  2.69355  4.24690  2.90347  2.73739  3.18146  2.89801  2.37887  2.77519  2.98518  4.58477  3.61503
          0.01695  4.48167  5.20402  0.61958  0.77255  0.48576  0.95510
     18   2.18112  4.39724  4.60563  4.07989  2.69897  4.09446  4.61918  2.23682  3.96590  2.40473  3.51756  4.22471  4.51474  4.18499  4.13229  3.44696  3.23646  1.03099  5.22743  3.99817     19 v - - -
          2.68618  4.42225  2.77519  2.73123  3.46354  2.40513  3.72494  3.29354  2.67741  2.69355  4.24690  2.90347  2.73739  3.18146  2.89801  2.37887  2.77519  2.98518  4.58477  3.61503
          0.01695  4.48167  5.20402  0.61958  0.77255  0.48576  0.95510
     19   1.52148  4.35283  3.96315  3.44287  3.69738  3.61676  4.25081  2.78003  3.36832  2.44796  3.66007  3.69418  4.13884  3.64953  3.65079  2.38144  2.99809  1.69288  5.19744  3.98637     20 a - - -
          2.68618  4.42225  2.77519  2.73123  3.46354  2.40513  3.72494  3.29354  2.67741  2.69355  4.24690  2.90347  2.73739  3.18146  2.89801  2.37887  2.77519  2.98518  4.58477  3.61503
          0.01695  4.48167  5.20402  0.61958  0.77255  0.48576  0.95510
     20   3.75793  5.36631  4.43169  4.38213  5.26277  4.02209  5.36717  5.02095  4.50240  4.55290  5.65363  4.61214  0.20987  4.86701  4.63961  3.95256  4.25006  4.58503  6.23151  5.40326     21 P - - -
          2.68618  4.42225  2.77519  2.73123  3.46354  2.40513  3.72494  3.29354  2.67741  2.69355  4.24690  2.90347  2.73739  3.18146  2.89801  2.37887  2.77519  2.98518  4.58477  3.61503
          0.01695  4.48167  5.20402  0.61958  0.77255  0.48576  0.95510
     21   3.18673  5.25035  2.96572  2.32044  5.04647  0.62962  4.43469  4.56755  3.41132  4.15565  5.05150  3.41301  4.26745  3.66642  3.83288  3.22912  3.58883  4.09732  6.19371  4.94806     22 G - - -
          2.68618  4.42225  2.77519  2.73123  3.46354  2.40513  3.72494  3.29354  2.67741  2.69355  4.24690  2.90347  2.73739  3.18146  2.89801  2.37887  2.77519  2.98518  4.58477  3.61503
          0.01695  4.48167  5.20402  0.61958  0.77255  0.48576  0.95510
     22   4.52271  5.64128  5.12247  5.00348  3.54930  4.50852  4.84702  4.63666  4.75571  3.90667  5.23016  5.05459  5.07996  5.10475  4.76101  4.72203  4.86241  4.53770  0.22614  3.52705     23 W - - -
          2.68618  4.42225  2.77519  2.73123  3.46354  2.40513  3.72494  3.29354  2.67741  2.69355  4.24690  2.90347  2.73739  3.18146  2.89801  2.37887  2.77519  2.98518  4.58477  3.61503
          0.01695  4.48167  5.20402  0.61958  0.77255  0.48576  0.95510
     23   3.18673  5.25035  2.96572  2.32044  5.04647  0.62962  4.43469  4.56755  3.41132  4.15565  5.05150  3.41301  4.26745  3.66642  3.83288  3.22912  3.58883  4.09732  6.19371  4.94806     24 G - - -
          2.68618  4.42225  2.77519  2.73123  3.46354  2.40513  3.72494  3.29354  2.67741  2.69355  4.24690  2.90347  2.73739  3.18146  2.89801  2.37887  2.77519  2.98518  4.58477  3.61503
          0.01695  4.48167  5.20402  0.61958  0.77255  0.48576  0.95510
     24   2.04238  4.42961  4.02265  3.76906  4.58155  3.27013  4.71965  3.72625  3.74397  3.60889  4.52320  3.77725  4.04809  4.04396  3.98022  2.74726  0.72267  3.27300  5.99716  4.82080     25 t - - -
          2.68618  4.42225  2.77519  2.73123  3.46354  2.40513  3.72494  3.29354  2.67741  2.69355  4.24690  2.90347  2.73739  3.18146  2.89801  2.37887  2.77519  2.98518  4.58477  3.61503
          0.01695  4.48167  5.20402  0.61958  0.77255  0.48576  0.95510
     25   2.68798  4.47183  4.16077  3.79779  4.16114  3.50049  4.66343  2.96871  3.68704  3.02963  4.09910  3.88635  4.19526  4.01695  3.92836  2.94773  0.83306  2.19500  5.72975  4.51507     26 t - - -
          2.68618  4.42225  2.77519  2.73123  3.46354  2.40513  3.72494  3.29354  2.67741  2.69355  4.24690  2.90347  2.73739  3.18146  2.89801  2.37887  2.77519  2.98518  4.58477  3.61503
          0.01695  4.48167  5.20402  0.61958  0.77255  0.48576  0.95510
     26   2.77175  4.60028  3.96680  3.68017  4.26276  3.50624  4.63524  3.36284  3.62319  3.21840  4.28583  3.84077  0.81596  3.97657  3.87856  2.99161  3.22524  2.23147  5.76718  4.53203     27 p - - -
          2.68618  4.42225  2.77519  2.73123  3.46354  2.40513  3.72494  3.29354  2.67741  2.69355  4.24690  2.90347  2.73739  3.18146  2.89801  2.37887  2.77519  2.98518  4.58477  3.61503
          0.01695  4.48167  5.20402  0.61958  0.77255  0.48576  0.95510
     27   3.36032  4.62900  5.28751  4.73422  2.99603  4.73797  5.15289  1.66691  4.60691  1.39217  3.31830  4.86253  4.96511  4.70906  4.67192  4.09944  3.59533  1.20617  5.47183  4.34838     28 v - - -
          2.68618  4.42225  2.77519  2.73123  3.46354  2.40513  3.72494  3.29354  2.67741  2.69355  4.24690  2.90347  2.73739  3.18146  2.89801  2.37887  2.77519  2.98518  4.58477  3.61503
          0.01695  4.48167  5.20402  0.61958  0.77255  0.48576  0.95510
     28   3.00739  4.62103  4.34941  3.92578  3.63212  3.92156  4.64997  2.70474  3.69685  2.25155  0.92606  4.11090  4.45434  4.05672  3.89245  3.34266  2.69846  2.63442  5.41051  4.22533     29 m - - -
          2.68618  4.42225  2.77519  2.73123  3.46354  2.40513  3.72494  3.29354  2.67741  2.69355  4.24690  2.90347  2.73739  3.18146  2.89801  2.37887  2.77519  2.98518  4.58477  3.61503
          0.01695  4.48167  5.20402  0.61958  0.77255  0.48576  0.95510
     29   1.25842  4.40150  3.95270  3.65962  4.70594  1.29418  4.66028  4.10311  3.69777  3.81140  4.62098  3.69080  3.97730  3.95103  3.97902  2.65750  2.29573  3.49394  6.05070  4.87582     30 a - - -
          2.68618  4.42225  2.77519  2.73123  3.46354  2.40513  3.72494  3.29354  2.67741  2.69355  4.24690  2.90347  2.73739  3.18146  2.89801  2.37887  2.77519  2.98518  4.58477  3.61503
          0.01695  4.48167  5.20402  0.61958  0.77255  0.48576  0.95510
     30   2.87384  4.41764  4.35108  3.87073  3.75444  2.30171  4.59192  2.14878  3.77368  2.61631  3.68177  4.05780  4.40905  4.05049  3.99997  3.28130  3.19167  1.01535  5.38148  4.16694     31 v - - -
          2.68618  4.42225  2.77519  2.73123  3.46354  2.40513  3.72494  3.29354  2.67741  2.69355  4.24690  2.90347  2.73739  3.18146  2.89801  2.37887  2.77519  2.98518  4.58477  3.61503
          0.01695  4.48167  5.20402  0.61958  0.77255  0.48576  0.95510
     31   2.06850  4.36260  4.62658  4.05053  1.72337  4.13704  4.45171  1.83872  3.90814  1.94029  3.27101  4.19304  4.47359  4.08020  4.02749  3.45172  3.20249  2.27371  4.96974  3.75500     32 f - - -
          2.68618  4.42225  2.77519  2.73123  3.46354  2.40513  3.72494  3.29354  2.67741  2.69355  4.24690  2.90347  2.73739  3.18146  2.89801  2.37887  2.77519  2.98518  4.58477  3.61503
          0.01695  4.48167  5.20402  0.61958  0.77255  0.48576  0.95510
     32   2.83648  4.28501  4.36795  3.79468  3.38439  2.52261  4.33049  1.80930  3.66781  2.30006  1.89997  3.98933  4.33894  3.88907  3.84057  3.27565  3.07933  1.97093  4.97957  3.79440     33 i - - -
          2.68618  4.42225  2.77519  2.73123  3.46354  2.40513  3.72494  3.29354  2.67741  2.69355  4.24690  2.90347  2.73739  3.18146  2.89801  2.37887  2.77519  2.98518  4.58477  3.61503
          0.01695  4.48167  5.20402  0.61958  0.77255  0.48576  0.95510
     33   1.83448  4.21085  4.18674  3.60949  2.72405  3.27773  4.16186  2.56415  3.49369  1.79702  3.31840  3.81829  4.20289  3.71778  3.68135  3.11569  2.96742  1.97266  4.85075  3.65563     34 l - - -
          2.68618  4.42225  2.77519  2.73123  3.46354  2.40513  3.72494  3.29354  2.67741  2.69355  4.24690  2.90347  2.73739  3.18146  2.89801  2.37887  2.77519  2.98518  4.58477  3.61503
          0.01695  4.48167  5.20402  0.61958  0.77255  0.48576  0.95510
     34   3.82619  5.08290  5.50884  4.95090  3.23934  5.11638  5.38519  2.46816  4.75538  0.62443  1.93726  5.20473  5.18266  4.75093  4.78058  4.51294  4.03464  2.72481  5.46098  4.46632     35 L - - -
          2.68618  4.42225  2.77519  2.73123  3.46354  2.40513  3.72494  3.29354  2.67741  2.69355  4.24690  2.90347  2.73739  3.18146  2.89801  2.37887  2.77519  2.98518  4.58477  3.61503
          0.01695  4.48167  5.20402  0.61958  0.77255  0.48576  0.95510
     35   3.01398  4.41772  4.61786  4.04078  1.53180  4.16115  4.41012  2.14296  3.89639  1.58684  3.20150  4.19252  3.09227  4.05426  4.01416  3.47125  3.24420  2.46504  4.89196  3.64593     36 f - - -
          2.68618  4.42225  2.77519  2.73123  3.46354  2.40513  3.72494  3.29354  2.67741  2.69355  4.24690  2.90347  2.73739  3.18146  2.89801  2.37887  2.77519  2.98518  4.58477  3.61503
          0.01695  4.48167  5.20402  0.61958  0.77255  0.48576  0.95510
     36   1.97196  4.20871  4.06348  3.48640  2.54326  3.17620  4.09727  2.63695  3.38310  1.86027  3.33101  3.72860  4.15313  3.62073  3.59834  3.05525  2.50079  2.23415  4.83723  3.63997     37 l - - -
          2.68618  4.42225  2.77519  2.73123  3.46354  2.40513  3.72494  3.29354  2.67741  2.69355  4.24690  2.90347  2.73739  3.18146  2.89801  2.37887  2.77519  2.98518  4.58477  3.61503
          0.01695  4.48167  5.20402  0.61958  0.77255  0.48576  0.95510
     37   2.80560  4.54818  5.17099  4.64365  3.77863  4.68938  5.20932  1.53071  4.53771  1.86723  3.59327  4.79566  4.96899  4.74956  4.67783  4.05824  3.52390  0.98821  5.66530  4.47833     38 v - - -
          2.68618  4.42225  2.77519  2.73123  3.46354  2.40513  3.72494  3.29354  2.67741  2.69355  4.24690  2.90347  2.73739  3.18146  2.89801  2.37887  2.77519  2.98518  4.58477  3.61503
          0.01695  4.48167  5.20402  0.61958  0.77255  0.48576  0.95510
     38   3.80562  5.05790  5.30367  4.86702  1.01218  4.89054  4.53578  2.72607  4.69704  1.23195  3.29819  4.84246  5.08794  4.65832  4.69802  4.28931  4.02717  2.89773  4.65806  3.10185     39 f - - -
          2.68618  4.42225  2.77519  2.73123  3.46354  2.40513  3.72494  3.29354  2.67741  2.69355  4.24690  2.90347  2.73739  3.18146  2.89801  2.37887  2.77519  2.98518  4.58477  3.61503
          0.01695  4.48167  5.20402  0.61958  0.77255  0.48576  0.95510
     39   3.23300  4.79157  4.36323  3.97191  3.55206  4.11313  4.69771  2.82478  3.79778  0.67094  3.48489  4.22507  2.84185  4.12827  3.99167  3.57381  3.54141  2.84126  5.36682  4.17601     40 L - - -
          2.68618  4.42225  2.77519  2.73123  3.46354  2.40513  3.72494  3.29354  2.67741  2.69355  4.24690  2.90347  2.73739  3.18146  2.89801  2.37887  2.77519  2.98518  4.58477  3.61503
          0.01695  4.48167  5.20402  0.61958  0.77255  0.48576  0.95510
     40   2.40272  4.25650  4.32915  3.75469  3.39649  3.93464  4.29677  2.18698  3.63352  1.66869  3.36903  3.95092  4.30936  3.85747  3.81163  2.56909  3.04672  1.60715  4.96225  3.77087     41 v - - -
          2.68618  4.42225  2.77519  2.73123  3.46354  2.40513  3.72494  3.29354  2.67741  2.69355  4.24690  2.90347  2.73739  3.18146  2.89801  2.37887  2.77519  2.98518  4.58477  3.61503
          0.01695  4.48167  5.20402  0.61958  0.77255  0.48576  0.95510
     41   3.18137  4.59216  4.81892  4.39030  3.85293  4.34689  5.09832  0.77041  4.24012  2.44017  3.69338  4.54678  4.79574  4.54998  4.42401  3.76855  2.60290  1.92772  5.71986  4.50885     42 i - - -
          2.68618  4.42225  2.77519  2.73123  3.46354  2.40513  3.72494  3.29354  2.67741  2.69355  4.24690  2.90347  2.73739  3.18146  2.89801  2.37887  2.77519  2.98518  4.58477  3.61503
          0.01695  4.48167  5.20402  0.61958  0.77255  0.48576  0.95510
     42   3.55316  4.80369  5.41953  4.86624  3.43541  4.94726  5.33631  0.94728  4.73088  1.46424  2.46426  5.05394  5.10170  4.79032  4.79009  4.32328  3.78042  2.17423  5.54709  4.49063     43 i - - -
          2.68618  4.42225  2.77519  2.73123  3.46354  2.40513  3.72494  3.29354  2.67741  2.69355  4.24690  2.90347  2.73739  3.18146  2.89801  2.37887  2.77519  2.98518  4.58477  3.61503
          0.01695  4.48167  5.20402  0.61958  0.77255  0.48576  0.95510
     43   2.97633  4.60418  4.18271  3.80503  3.54979  3.86055  4.51979  2.83371  3.63513  0.79330  3.57922  4.00820  4.39906  3.97984  3.83710  2.51482  3.31781  2.74890  5.26471  3.99457     44 l - - -
          2.68618  4.42225  2.77519  2.73123  3.46354  2.40513  3.72494  3.29354  2.67741  2.69355  4.24690  2.90347  2.73739  3.18146  2.89801  2.37887  2.77519  2.98518  4.58477  3.61503
          0.01695  4.48167  5.20402  0.61958  0.77255  0.48576  0.95510
     44   3.11335  5.55997  2.66922  1.52518  4.88226  3.55864  3.92717  4.37455  2.67981  3.85107  4.68556  3.03919  4.09524  1.29482  3.10414  3.03912  3.36730  3.97399  5.97099  4.57057     45 q - - -
          2.68618  4.42225  2.77519  2.73123  3.46354  2.40513  3.72494  3.29354  2.67741  2.69355  4.24690  2.90347  2.73739  3.18146  2.89801  2.37887  2.77519  2.98518  4.58477  3.61503
          0.01695  4.48167  5.20402  0.61958  0.77255  0.48576  0.95510
     45   3.24968  4.54598  5.07401  4.54526  3.77318  4.62780  5.14426  0.93184  4.43436  2.15440  3.59367  4.71755  4.92448  4.66351  4.59409  3.99219  2.68425  1.56871  5.64294  4.45311     46 i - - -
          2.68618  4.42225  2.77519  2.73123  3.46354  2.40513  3.72494  3.29354  2.67741  2.69355  4.24690  2.90347  2.73739  3.18146  2.89801  2.37887  2.77519  2.98518  4.58477  3.61503
          0.01695  4.48167  5.20402  0.61958  0.77255  0.48576  0.95510
     46   2.61744  4.90495  4.11873  3.84682  2.78246  4.01173  4.04000  3.51878  3.74901  3.09156  4.22111  3.98590  4.55112  4.03983  3.94847  3.46576  3.62716  3.32584  4.42516  0.69446     47 y - - -
          2.68618  4.42225  2.77519  2.73123  3.46354  2.40513  3.72494  3.29354  2.67741  2.69355  4.24690  2.90347  2.73739  3.18146  2.89801  2.37887  2.77519  2.98518  4.58477  3.61503
          0.01695  4.48167  5.20402  0.61958  0.77255  0.48576  0.95510
     47   3.39154  5.33239  3.26729  3.23393  4.81264  3.73133  4.62411  4.70932  3.61266  4.28774  5.27176  0.41878  4.42736  3.93420  3.95835  3.45662  3.81350  4.26167  6.03798  4.74507     48 N - - -
          2.68618  4.42225  2.77519  2.73123  3.46354  2.40513  3.72494  3.29354  2.67741  2.69355  4.24690  2.90347  2.73739  3.18146  2.89801  2.37887  2.77519  2.98518  4.58477  3.61503
          0.09284  4.48167  2.55952  0.61958  0.77255  0.48576  0.95510
     48   2.74240  5.16846  2.98247  2.44227  4.50270  3.49787  2.94939  3.95970  2.21075  3.45545  4.22049  2.68330  3.89428  2.07371  2.57924  2.00231  2.96853  3.55562  5.59442  4.22212     49 s - - -
          2.68618  4.42225  2.77519  2.73123  3.46354  2.40513  3.72494  3.29354  2.67741  2.69355  4.24690  2.90347  2.73739  3.18146  2.89801  2.37887  2.77519  2.98518  4.58477  3.61503
          0.01828  4.40711  5.12946  0.61958  0.77255  0.42060  1.06901
     49   2.50957  4.45137  3.85058  3.61318  4.73317  3.21893  4.65697  4.14235  3.65251  3.86012  4.68985  3.68075  4.00338  3.94555  3.92581  0.69094  2.24629  3.53711  6.07731  4.87520     50 S - - -
          2.68618  4.42225  2.77519  2.73123  3.46354  2.40513  3.72494  3.29354  2.67741  2.69355  4.24690  2.90347  2.73739  3.18146  2.89801  2.37887  2.77519  2.98518  4.58477  3.61503
          0.01695  4.48167  5.20402  0.61958  0.77255  0.48576  0.95510
     50   3.10161  4.48922  4.71876  4.14759  3.37710  4.29718  4.65225  1.69918  4.00957  1.12752  3.24929  4.33715  3.09034  4.18990  4.14858  3.61840  3.33762  2.09669  5.17112  4.02973     51 l - - -
          2.68618  4.42225  2.77519  2.73123  3.46354  2.40513  3.72494  3.29354  2.67741  2.69355  4.24690  2.90347  2.73739  3.18146  2.89801  2.37887  2.77519  2.98518  4.58477  3.61503
          0.01695  4.48167  5.20402  0.61958  0.77255  0.48576  0.95510
     51   3.50971  4.77149  5.38520  4.81994  3.39252  4.87465  5.24830  1.89286  4.69153  0.91712  2.72531  4.98964  5.04043  4.72765  4.73482  4.23912  3.73405  1.64986  5.47293  4.42726     52 l - - -
          2.68618  4.42225  2.77519  2.73123  3.46354  2.40513  3.72494  3.29354  2.67741  2.69355  4.24690  2.90347  2.73739  3.18146  2.89801  2.37887  2.77519  2.98518  4.58477  3.61503
          0.01695  4.48167  5.20402  0.61958  0.77255  0.48576  0.95510
     52   3.18936  4.61657  4.64690  4.09937  3.34977  4.32478  4.68098  2.05674  3.94294  0.87108  3.20954  4.33589  3.05006  4.15605  4.10854  3.65768  3.43103  2.45439  5.21383  4.07718     53 l - - -
          2.68618  4.42225  2.77519  2.73123  3.46354  2.40513  3.72494  3.29354  2.67741  2.69355  4.24690  2.90347  2.73739  3.18146  2.89801  2.37887  2.77519  2.98518  4.58477  3.61503
          0.01144  4.47616        *  0.61958  0.77255  0.00000        *
//
